MSOA,White%,Mixed%,Asian%,Black%,Other%
E02002559,0.9742,0.0102,0.0116,0.0027,0.0012
E02002560,0.9788,0.0088,0.0088,0.0025,0.001
E02002561,0.9761,0.0098,0.0127,0.001,0.0003
E02002562,0.9618,0.0175,0.0153,0.0041,0.0013
E02002563,0.976,0.0112,0.0081,0.0037,0.0011
E02002564,0.9823,0.0064,0.0084,0.0014,0.0015
E02002565,0.9655,0.0099,0.0174,0.0017,0.0055
E02002566,0.8761,0.0139,0.0958,0.0094,0.0048
E02002567,0.9589,0.0134,0.0179,0.0058,0.004
E02002568,0.969,0.013,0.0134,0.0015,0.003
E02002569,0.9653,0.0073,0.0217,0.0021,0.0037
E02002570,0.9483,0.0103,0.0352,0.0037,0.0026
E02002571,0.9665,0.0115,0.013,0.0072,0.0017
E02002572,0.9556,0.0174,0.0211,0.0036,0.0022
E02002573,0.9782,0.0071,0.0106,0.0012,0.0029
E02004290,0.9848,0.004,0.0105,0.0002,0.0005
E02004291,0.9903,0.0031,0.0059,0.0004,0.0003
E02004292,0.9798,0.0076,0.0119,0.0004,0.0004
E02004293,0.9848,0.005,0.0081,0.0012,0.001
E02004294,0.9834,0.0053,0.0086,0.0015,0.0012
E02004295,0.9861,0.0077,0.0058,0.0001,0.0003
E02004296,0.9834,0.0052,0.0092,0.0009,0.0012
E02004297,0.9899,0.0042,0.0044,0.0004,0.0011
E02004298,0.9879,0.0054,0.0047,0.001,0.0009
E02004299,0.9887,0.0032,0.0065,0.0005,0.0012
E02004300,0.9906,0.0033,0.0043,0.001,0.0008
E02004301,0.9902,0.0033,0.0052,0.0009,0.0004
E02004302,0.9858,0.0043,0.0071,0.0015,0.0013
E02004303,0.9863,0.0064,0.0065,0.0005,0.0003
E02004304,0.9873,0.0043,0.0078,0.0002,0.0004
E02004305,0.9905,0.0046,0.0039,0.0005,0.0005
E02004306,0.9864,0.0059,0.0054,0.0017,0.0007
E02004307,0.9918,0.0037,0.0029,0.0014,0.0003
E02004308,0.9524,0.0136,0.0234,0.0049,0.0058
E02004309,0.9363,0.0142,0.0374,0.0047,0.0073
E02004310,0.9853,0.0038,0.0082,0.0004,0.0024
E02004311,0.9875,0.0034,0.0069,0.0015,0.0007
E02004312,0.9812,0.0056,0.0097,0.0026,0.0009
E02004313,0.9385,0.0124,0.0346,0.0049,0.0096
E02004314,0.8856,0.0238,0.0723,0.008,0.0102
E02004315,0.9259,0.017,0.0391,0.0068,0.0113
E02004316,0.9894,0.0037,0.0051,0.0018,0
E02004317,0.9829,0.0072,0.005,0.0022,0.0027
E02004318,0.9566,0.0079,0.0284,0.0008,0.0064
E02004319,0.9872,0.0039,0.0075,0.0003,0.0012
E02004320,0.9893,0.0031,0.0065,0.0002,0.0009
E02004321,0.9814,0.0047,0.0099,0.0014,0.0025
E02004322,0.9873,0.0057,0.0049,0.0008,0.0013
E02004323,0.9871,0.0052,0.0062,0.0004,0.0011
E02004324,0.9916,0.004,0.0035,0.0003,0.0005
E02004325,0.9884,0.006,0.0042,0.0011,0.0002
E02004326,0.985,0.0042,0.0087,0.0006,0.0015
E02004327,0.984,0.0056,0.0097,0.0005,0.0002
E02004328,0.9911,0.0044,0.0035,0.0003,0.0007
E02004329,0.9849,0.0047,0.0092,0.0009,0.0003
E02004330,0.9896,0.0044,0.0042,0.0008,0.001
E02004331,0.985,0.0066,0.0066,0.0013,0.0004
E02004332,0.9853,0.0051,0.0078,0.0008,0.001
E02004333,0.9898,0.004,0.0049,0.0001,0.0011
E02004334,0.9906,0.0053,0.0033,0.0007,0.0001
E02004335,0.9841,0.0045,0.0076,0.0027,0.0011
E02004336,0.9892,0.0042,0.0047,0.0017,0.0001
E02004337,0.9899,0.0038,0.0041,0.0012,0.001
E02004338,0.992,0.0052,0.0012,0.0004,0.0012
E02004339,0.9879,0.0064,0.0025,0.0016,0.0016
E02004340,0.9904,0.0049,0.0033,0.0011,0.0004
E02004341,0.9836,0.0057,0.0091,0.0007,0.0008
E02004342,0.9849,0.0067,0.0047,0.002,0.0017
E02004343,0.9938,0.0038,0.0016,0.0005,0.0002
E02004344,0.9882,0.0064,0.0037,0.0013,0.0004
E02004345,0.9922,0.0041,0.0027,0.0007,0.0003
E02004346,0.9916,0.0053,0.0017,0.0002,0.0011
E02004347,0.9786,0.0081,0.0098,0.0018,0.0017
E02004348,0.9896,0.0047,0.0047,0.0007,0.0002
E02004349,0.9891,0.0054,0.0044,0.0008,0.0003
E02004350,0.9898,0.0044,0.0044,0.0008,0.0006
E02004351,0.9906,0.0043,0.0043,0.0004,0.0004
E02004352,0.9803,0.0077,0.0104,0.0005,0.0011
E02004353,0.9844,0.0056,0.0074,0.0019,0.0008
E02004354,0.9868,0.0061,0.0063,0.0008,0.0001
E02004355,0.9886,0.0047,0.0039,0.0007,0.0022
E02002483,0.9849,0.0051,0.0092,0.0004,0.0003
E02002484,0.9818,0.0071,0.0086,0.0019,0.0006
E02002485,0.9819,0.0043,0.0108,0.0023,0.0006
E02002487,0.9406,0.009,0.0414,0.0058,0.0032
E02002488,0.9769,0.0064,0.0149,0.001,0.0008
E02002489,0.9377,0.0092,0.0438,0.0067,0.0026
E02002490,0.9875,0.0038,0.0056,0.001,0.0021
E02002491,0.9867,0.0049,0.007,0.0005,0.0009
E02002492,0.988,0.0039,0.0067,0.0001,0.0012
E02002493,0.9893,0.0053,0.0036,0.0009,0.0009
E02002494,0.9836,0.0081,0.0076,0.0004,0.0003
E02006909,0.9773,0.005,0.0151,0.0016,0.0011
E02002496,0.5627,0.029,0.3219,0.0392,0.0472
E02002497,0.9236,0.0201,0.0391,0.0136,0.0037
E02002498,0.7175,0.0302,0.1695,0.052,0.0309
E02002499,0.9697,0.0138,0.0065,0.0089,0.0011
E02002500,0.8086,0.0243,0.1453,0.009,0.0128
E02002501,0.9027,0.0174,0.0632,0.0077,0.009
E02002502,0.9662,0.0127,0.0083,0.0112,0.0016
E02002503,0.918,0.0243,0.0411,0.0092,0.0074
E02002504,0.7914,0.0252,0.155,0.0063,0.0221
E02002505,0.9683,0.0187,0.005,0.0077,0.0003
E02002506,0.9145,0.0174,0.0492,0.0111,0.0078
E02002507,0.9071,0.0076,0.0757,0.0061,0.0035
E02002508,0.8849,0.0089,0.0981,0.0016,0.0065
E02002509,0.9314,0.0152,0.0374,0.0116,0.0043
E02002510,0.959,0.0093,0.0254,0.0011,0.0053
E02002512,0.9589,0.0058,0.0303,0.0017,0.0032
E02002513,0.98,0.0096,0.0046,0.0045,0.0012
E02002514,0.9749,0.0114,0.0083,0.0037,0.0018
E02006811,0.9471,0.011,0.0325,0.0044,0.005
E02005702,0.9875,0.006,0.005,0.0006,0.0009
E02005703,0.9849,0.0043,0.0092,0.0007,0.0009
E02005704,0.9937,0.0027,0.0023,0.0006,0.0006
E02005705,0.9927,0.0024,0.004,0.0004,0.0005
E02005706,0.9811,0.0058,0.0107,0.0011,0.0012
E02005707,0.9883,0.0048,0.0045,0.0022,0.0003
E02005708,0.9936,0.0032,0.002,0.0003,0.001
E02005709,0.9824,0.0073,0.0083,0.0009,0.0012
E02005710,0.9791,0.0065,0.0135,0.0002,0.0006
E02005711,0.9868,0.0052,0.0067,0.0007,0.0006
E02005712,0.9795,0.0033,0.0164,0.0003,0.0006
E02005713,0.9942,0.0022,0.003,0.0001,0.0004
E02005714,0.9862,0.005,0.0058,0.0017,0.0013
E02005715,0.9855,0.0072,0.006,0.0009,0.0003
E02005716,0.9879,0.0076,0.0041,0.0002,0.0001
E02005717,0.9904,0.0051,0.0035,0.0008,0.0003
E02005718,0.9915,0.0038,0.0039,0.0002,0.0006
E02005719,0.9899,0.0046,0.0047,0.0005,0.0003
E02005720,0.9719,0.0091,0.0106,0.0076,0.0008
E02005721,0.9842,0.0058,0.0064,0.0031,0.0006
E02005722,0.9896,0.0049,0.0044,0.0001,0.001
E02005723,0.982,0.0064,0.0076,0.0033,0.0006
E02005724,0.9813,0.0041,0.0104,0.001,0.0033
E02005725,0.9498,0.0074,0.0381,0.0021,0.0026
E02005726,0.942,0.0082,0.0445,0.0022,0.0031
E02005727,0.9916,0.0039,0.0033,0.0006,0.0006
E02005728,0.9928,0.0032,0.0021,0.0011,0.0007
E02005729,0.9863,0.008,0.0044,0.0005,0.0007
E02005730,0.9844,0.0085,0.005,0.0005,0.0016
E02005731,0.9867,0.0051,0.0074,0.0005,0.0004
E02005732,0.9881,0.0061,0.0049,0.0004,0.0006
E02005733,0.9887,0.0055,0.0044,0.001,0.0004
E02005734,0.9878,0.0054,0.0052,0.0005,0.0011
E02005735,0.9681,0.0063,0.0228,0.0013,0.0015
E02005736,0.9749,0.0053,0.0185,0.0003,0.0011
E02005737,0.987,0.0047,0.0069,0.0004,0.001
E02005738,0.9903,0.0037,0.0049,0.0004,0.0006
E02005739,0.9895,0.0049,0.005,0.0005,0.0001
E02005740,0.9909,0.0033,0.004,0.001,0.0008
E02005741,0.9849,0.0048,0.0095,0.0002,0.0006
E02002515,0.9815,0.0088,0.0081,0.0015,0.0001
E02002516,0.984,0.0058,0.0084,0.0016,0.0003
E02002517,0.987,0.0072,0.005,0.0007,0
E02002518,0.9873,0.0069,0.0041,0.0011,0.0006
E02002519,0.9859,0.007,0.0045,0.0009,0.0017
E02002520,0.9893,0.0056,0.0037,0.0004,0.001
E02002521,0.9846,0.0086,0.0054,0.0002,0.0013
E02002523,0.9853,0.0088,0.0029,0.0006,0.0025
E02002524,0.9924,0.0039,0.003,0.0006,0.0002
E02002525,0.9925,0.0041,0.0024,0.0008,0.0002
E02002526,0.9897,0.0054,0.0035,0.0007,0.0008
E02002527,0.9917,0.0042,0.0017,0.0008,0.0015
E02002529,0.9904,0.0061,0.0023,0.0009,0.0003
E02002530,0.9871,0.0057,0.006,0.0003,0.0009
E02002532,0.985,0.0054,0.007,0.0006,0.0019
E02002533,0.9833,0.0063,0.0075,0.0026,0.0003
E02002534,0.9901,0.003,0.0059,0,0.001
E02006812,0.9835,0.0075,0.0057,0.0011,0.0022
E02006910,0.9612,0.0084,0.0275,0.0018,0.0011
E02002535,0.9832,0.0057,0.0089,0.0007,0.0016
E02002536,0.9873,0.0073,0.0041,0.0009,0.0004
E02002537,0.9842,0.0085,0.0038,0.0022,0.0012
E02002538,0.982,0.008,0.0063,0.0022,0.0015
E02002539,0.9576,0.0096,0.029,0.0013,0.0026
E02002540,0.9806,0.0051,0.0126,0.0014,0.0003
E02002541,0.9767,0.0057,0.0143,0.0013,0.0021
E02002542,0.9645,0.0111,0.0185,0.0043,0.0016
E02002543,0.9614,0.0085,0.0257,0.0025,0.0019
E02002544,0.9562,0.0184,0.0138,0.01,0.0015
E02002545,0.9731,0.0026,0.0213,0.0024,0.0006
E02002546,0.9464,0.0124,0.0291,0.0093,0.0028
E02002547,0.9617,0.0076,0.0254,0.0035,0.0019
E02002548,0.7861,0.0216,0.1433,0.038,0.0109
E02002549,0.9753,0.0051,0.0156,0.0022,0.0019
E02002550,0.9165,0.0134,0.061,0.0048,0.0042
E02002551,0.8258,0.0149,0.1377,0.0127,0.009
E02002552,0.9629,0.0154,0.0145,0.0057,0.0015
E02002553,0.9452,0.0104,0.0367,0.0044,0.0034
E02002554,0.9695,0.0091,0.0133,0.006,0.0022
E02002555,0.9621,0.0107,0.0225,0.003,0.0017
E02002556,0.9214,0.0094,0.0624,0.0032,0.0036
E02002557,0.9355,0.0097,0.0465,0.0047,0.0036
E02002558,0.95,0.0127,0.0306,0.0033,0.0034
E02001682,0.9865,0.0051,0.0062,0.0013,0.0009
E02001683,0.9882,0.006,0.0043,0.0009,0.0007
E02001684,0.9562,0.0124,0.0194,0.008,0.0041
E02001685,0.9804,0.0073,0.008,0.0024,0.0019
E02001686,0.9839,0.0052,0.0076,0.0013,0.002
E02001688,0.9156,0.0149,0.0419,0.0159,0.0116
E02001689,0.9071,0.0113,0.0486,0.0095,0.0235
E02001690,0.9697,0.0078,0.0172,0.0028,0.0026
E02001691,0.8943,0.0155,0.0544,0.0171,0.0187
E02001692,0.9627,0.0089,0.0186,0.0047,0.0051
E02001693,0.9758,0.0059,0.0098,0.0039,0.0046
E02001694,0.9787,0.0069,0.0107,0.0029,0.0009
E02001695,0.9753,0.0054,0.0162,0.0009,0.0022
E02001696,0.9772,0.0046,0.0126,0.0039,0.0017
E02001697,0.9741,0.0063,0.0132,0.0024,0.0041
E02001698,0.9845,0.0051,0.0083,0.0004,0.0018
E02001699,0.9807,0.005,0.0102,0.0024,0.0017
E02001700,0.976,0.0072,0.0143,0.0012,0.0013
E02001701,0.9752,0.0079,0.015,0.0009,0.0009
E02001702,0.9711,0.0063,0.0107,0.0087,0.0032
E02001703,0.9907,0.0051,0.0035,0.0004,0.0004
E02001704,0.9785,0.0043,0.0087,0.0042,0.0043
E02001705,0.984,0.0028,0.0081,0.0021,0.003
E02001706,0.9767,0.0074,0.0108,0.0029,0.0023
E02001707,0.9756,0.005,0.014,0.0029,0.0025
E02006841,0.8468,0.0212,0.0757,0.0299,0.0263
E02006842,0.9352,0.0084,0.0304,0.0111,0.0148
E02001708,0.8978,0.0118,0.0498,0.0043,0.0363
E02001709,0.8746,0.0134,0.0864,0.0092,0.0165
E02001710,0.9215,0.0115,0.0375,0.018,0.0115
E02001711,0.9413,0.0082,0.0301,0.0063,0.0141
E02001712,0.8918,0.0154,0.0662,0.0112,0.0154
E02001713,0.8762,0.0153,0.089,0.008,0.0114
E02001714,0.8502,0.0131,0.117,0.0086,0.0111
E02001715,0.8582,0.0152,0.0767,0.0374,0.0126
E02001718,0.9489,0.0099,0.0309,0.0067,0.0035
E02001719,0.8932,0.0135,0.0807,0.0069,0.0057
E02001720,0.9081,0.0219,0.0583,0.0059,0.0059
E02001721,0.9812,0.0071,0.0082,0.0015,0.002
E02001722,0.9744,0.0081,0.0101,0.0051,0.0023
E02001723,0.7803,0.021,0.1649,0.0184,0.0154
E02001724,0.8879,0.0178,0.0725,0.0143,0.0075
E02001725,0.8878,0.0211,0.0662,0.0182,0.0068
E02001726,0.8064,0.012,0.1636,0.0086,0.0094
E02001727,0.9557,0.0059,0.0197,0.0127,0.0061
E02001728,0.9757,0.0063,0.01,0.0042,0.0039
E02001729,0.4876,0.0277,0.3757,0.0522,0.0567
E02001730,0.8132,0.0191,0.1291,0.0231,0.0154
E02001731,0.6648,0.0296,0.2194,0.0395,0.0468
E02001732,0.9332,0.0139,0.0419,0.0101,0.0008
E02001733,0.9052,0.0145,0.0326,0.0367,0.0111
E02001734,0.8934,0.0179,0.0591,0.0223,0.0073
E02001735,0.9432,0.011,0.0263,0.0177,0.0018
E02001736,0.5274,0.0262,0.3593,0.0549,0.0323
E02001737,0.9052,0.0175,0.0249,0.0395,0.0129
E02006893,0.9762,0.0051,0.0151,0.0019,0.0017
E02001738,0.9755,0.0032,0.0171,0.0018,0.0025
E02001739,0.9787,0.0073,0.0109,0.0021,0.0009
E02001740,0.9762,0.0107,0.0116,0.0009,0.0007
E02001741,0.9798,0.006,0.0086,0.005,0.0006
E02001742,0.9824,0.0081,0.0083,0.0007,0.0005
E02001743,0.9535,0.012,0.0299,0.0008,0.0038
E02001744,0.9804,0.007,0.0083,0.0012,0.0031
E02001745,0.9783,0.0071,0.0101,0.0038,0.0008
E02001746,0.9584,0.0098,0.0277,0.0023,0.0018
E02001747,0.9837,0.0063,0.0081,0.0011,0.0008
E02001748,0.9506,0.0106,0.0295,0.004,0.0053
E02001749,0.9682,0.0081,0.0198,0.0024,0.0015
E02001750,0.9533,0.0075,0.035,0.0023,0.002
E02001751,0.9752,0.0113,0.0108,0.0017,0.0012
E02001752,0.9368,0.0097,0.0428,0.0048,0.0059
E02001753,0.9749,0.0114,0.0095,0.0029,0.0013
E02001754,0.9761,0.0115,0.0096,0.0018,0.001
E02001755,0.9598,0.0078,0.0265,0.0026,0.0033
E02001756,0.9399,0.0121,0.0385,0.0076,0.0019
E02001757,0.978,0.0069,0.0108,0.0005,0.0037
E02001758,0.9829,0.0043,0.01,0.0027,0.0002
E02001759,0.9666,0.0127,0.0148,0.0033,0.0025
E02001760,0.963,0.0114,0.0181,0.0059,0.0015
E02001761,0.9837,0.0061,0.0052,0.0043,0.0007
E02001762,0.9503,0.007,0.039,0.0018,0.002
E02001763,0.9772,0.007,0.0116,0.0035,0.0008
E02001764,0.9599,0.0142,0.0163,0.0058,0.0038
E02001765,0.9563,0.0106,0.0194,0.0115,0.0022
E02001766,0.9541,0.011,0.0235,0.0097,0.0017
E02001767,0.9645,0.0074,0.0197,0.0064,0.002
E02001768,0.8258,0.015,0.1332,0.0069,0.0191
E02001769,0.8547,0.0199,0.0807,0.0108,0.0339
E02001770,0.9573,0.0102,0.018,0.0035,0.011
E02001771,0.977,0.0067,0.0131,0.0011,0.002
E02001772,0.9592,0.0157,0.015,0.0031,0.007
E02001773,0.9738,0.0086,0.0112,0.0022,0.0042
E02001774,0.9682,0.0093,0.0164,0.0011,0.0051
E02001775,0.9831,0.0078,0.0059,0.002,0.0012
E02001776,0.9775,0.0068,0.0094,0.0016,0.0048
E02001777,0.9791,0.0065,0.0088,0.0013,0.0043
E02001778,0.9517,0.0117,0.0249,0.0052,0.0065
E02001779,0.9686,0.0108,0.0101,0.0035,0.007
E02001780,0.975,0.0069,0.0102,0.0033,0.0046
E02001781,0.9775,0.0098,0.0078,0.002,0.003
E02001782,0.9823,0.007,0.0055,0.003,0.0021
E02001783,0.9668,0.0123,0.007,0.0064,0.0075
E02001784,0.9852,0.0044,0.0059,0.0013,0.0032
E02001785,0.9792,0.0075,0.0091,0.0003,0.0039
E02001786,0.9856,0.0067,0.006,0.0004,0.0013
E02001787,0.9911,0.0034,0.0044,0.0004,0.0007
E02001788,0.9681,0.0053,0.0241,0.0008,0.0017
E02001789,0.9527,0.0058,0.0338,0.0005,0.0072
E02001790,0.979,0.0055,0.0119,0.0022,0.0013
E02001791,0.9883,0.0047,0.0052,0.0009,0.001
E02001792,0.9888,0.0055,0.0052,0,0.0006
E02001793,0.9863,0.0054,0.005,0.0025,0.0008
E02001794,0.9893,0.0053,0.0032,0.0018,0.0003
E02001795,0.9867,0.0046,0.0061,0.0021,0.0005
E02001796,0.9264,0.0074,0.0474,0.0115,0.0072
E02001797,0.9711,0.007,0.0185,0.0029,0.0005
E02001798,0.9845,0.0071,0.0053,0.0016,0.0015
E02001799,0.9784,0.0064,0.0086,0.006,0.0006
E02001800,0.9861,0.006,0.0063,0.0004,0.0011
E02001801,0.7702,0.0119,0.1841,0.0217,0.0121
E02001802,0.9629,0.0059,0.0263,0.0046,0.0003
E02001803,0.8037,0.0226,0.1212,0.0322,0.0204
E02001804,0.982,0.0054,0.0101,0.0022,0.0003
E02001805,0.9478,0.0053,0.0411,0.0041,0.0017
E02001806,0.896,0.0113,0.0755,0.0132,0.004
E02001807,0.9701,0.0078,0.0167,0.004,0.0014
E02001808,0.796,0.0117,0.1675,0.0163,0.0084
E02001809,0.9849,0.0044,0.0066,0.0023,0.0018
E02001810,0.9825,0.0072,0.0078,0.0013,0.0012
E02001811,0.9849,0.0042,0.0093,0.0013,0.0003
E02001812,0.9284,0.0067,0.0517,0.0035,0.0096
E02001813,0.9762,0.0037,0.0147,0.0035,0.002
E02001814,0.9633,0.01,0.0211,0.0031,0.0025
E02001815,0.965,0.0063,0.0248,0.0012,0.0027
E02001816,0.986,0.0043,0.0067,0.0019,0.0012
E02001817,0.9874,0.0041,0.0068,0.0002,0.0014
E02001818,0.9756,0.0047,0.0124,0.002,0.0052
E02001819,0.983,0.0036,0.0097,0.0013,0.0024
E02001820,0.9795,0.0035,0.0131,0.0019,0.002
E02001821,0.9839,0.004,0.0071,0.0015,0.0035
E02001822,0.9853,0.0038,0.0061,0.0034,0.0014
E02001823,0.9836,0.0046,0.0087,0.0018,0.0013
E02001824,0.9856,0.0054,0.0055,0.0025,0.0011
E02001825,0.9894,0.0048,0.0038,0.0013,0.0007
E02001826,0.9877,0.0038,0.0053,0.0014,0.0018
E02002615,0.744,0.0163,0.2325,0.0045,0.0026
E02002616,0.4936,0.0138,0.4712,0.0027,0.0188
E02002617,0.1907,0.0146,0.7836,0.0044,0.0067
E02002618,0.1438,0.0131,0.8208,0.0073,0.015
E02002619,0.4139,0.0141,0.5475,0.0106,0.0139
E02002620,0.4115,0.0157,0.5419,0.0141,0.0169
E02002621,0.1772,0.0179,0.7714,0.0091,0.0245
E02002622,0.7439,0.012,0.2235,0.011,0.0095
E02002623,0.9044,0.0165,0.0649,0.0093,0.0049
E02002624,0.9073,0.0085,0.0768,0.0027,0.0047
E02002625,0.8383,0.0132,0.1305,0.0088,0.0093
E02002626,0.9665,0.0094,0.0157,0.0054,0.003
E02002627,0.9582,0.0095,0.0266,0.0036,0.0021
E02002628,0.9555,0.0082,0.0295,0.0031,0.0037
E02002629,0.9255,0.0102,0.0572,0.004,0.0031
E02002630,0.9274,0.009,0.0554,0.0052,0.0029
E02002631,0.9701,0.0079,0.0178,0.0025,0.0016
E02002632,0.9844,0.0069,0.0064,0.0006,0.0018
E02002633,0.9828,0.0072,0.0076,0.002,0.0004
E02002634,0.9805,0.0085,0.0085,0.0015,0.0011
E02002635,0.9771,0.0096,0.0093,0.0015,0.0025
E02002636,0.9729,0.0116,0.0125,0.0021,0.0008
E02002637,0.9737,0.0087,0.0134,0.0018,0.0024
E02002638,0.9507,0.0175,0.0242,0.0039,0.0037
E02002639,0.9723,0.0118,0.0106,0.0033,0.0021
E02002640,0.946,0.0253,0.0208,0.0042,0.0037
E02002641,0.9309,0.0138,0.0474,0.0024,0.0054
E02002642,0.9411,0.0162,0.0304,0.0065,0.0058
E02002643,0.9588,0.0117,0.022,0.0035,0.004
E02002644,0.9755,0.0102,0.0118,0.0007,0.0017
E02002645,0.9441,0.0204,0.0298,0.0036,0.0021
E02002646,0.9785,0.0089,0.0087,0.0015,0.0024
E02002647,0.9684,0.0129,0.0132,0.003,0.0024
E02002648,0.9774,0.0126,0.0085,0.0008,0.0008
E02002649,0.9734,0.0109,0.0116,0.0023,0.0016
E02002650,0.9763,0.0108,0.0084,0.0014,0.0031
E02002651,0.9783,0.0094,0.0105,0.0012,0.0005
E02003811,0.9895,0.0048,0.0037,0.0003,0.0017
E02003812,0.9779,0.0098,0.0102,0.0016,0.0005
E02003813,0.9869,0.007,0.0042,0.001,0.001
E02003814,0.983,0.0079,0.0083,0.0005,0.0003
E02003815,0.9811,0.007,0.0084,0.0021,0.0015
E02003816,0.9723,0.006,0.018,0.0019,0.0018
E02003817,0.9798,0.0061,0.0098,0.0021,0.0021
E02003818,0.989,0.0041,0.0057,0.0003,0.0009
E02003819,0.9826,0.0068,0.0071,0.0017,0.0017
E02003820,0.9766,0.0071,0.0116,0.0022,0.0025
E02003821,0.9834,0.0068,0.0085,0.0007,0.0006
E02003822,0.9885,0.0056,0.0033,0.0009,0.0016
E02003823,0.9723,0.0135,0.012,0.0015,0.0008
E02003824,0.9815,0.008,0.0082,0.0015,0.0008
E02003825,0.9643,0.0122,0.0181,0.0032,0.0022
E02003826,0.9705,0.0138,0.0084,0.0067,0.0007
E02003827,0.9492,0.017,0.0208,0.0108,0.0022
E02003828,0.9686,0.0136,0.0131,0.003,0.0018
E02003829,0.9532,0.0123,0.0174,0.0148,0.0023
E02003830,0.9398,0.0233,0.0193,0.0123,0.0052
E02003831,0.9838,0.0071,0.006,0.0021,0.0011
E02003832,0.8872,0.0233,0.0651,0.019,0.0055
E02003833,0.9691,0.0133,0.0129,0.0024,0.0024
E02003834,0.9454,0.0218,0.0186,0.0096,0.0046
E02003835,0.9828,0.0075,0.0066,0.0018,0.0013
E02003836,0.9826,0.0065,0.0065,0.0026,0.0017
E02003837,0.9773,0.0094,0.0107,0.0019,0.0007
E02003838,0.9857,0.0052,0.0044,0.0025,0.0021
E02003839,0.9795,0.0075,0.0076,0.0042,0.0011
E02003840,0.99,0.005,0.0042,0.0006,0.0002
E02003853,0.9826,0.0074,0.0062,0.0014,0.0025
E02003854,0.9774,0.0062,0.0128,0.0006,0.003
E02003855,0.9806,0.0054,0.0116,0.0011,0.0012
E02003856,0.917,0.0183,0.0483,0.0077,0.0087
E02003857,0.9037,0.02,0.0575,0.01,0.0088
E02003858,0.9199,0.0179,0.0492,0.0041,0.0089
E02003859,0.9666,0.0111,0.0158,0.0037,0.0028
E02003860,0.9701,0.01,0.0156,0.002,0.0023
E02003861,0.9578,0.0123,0.0237,0.0037,0.0025
E02003862,0.9678,0.0127,0.0127,0.0041,0.0027
E02003863,0.9718,0.0114,0.012,0.0018,0.0031
E02003864,0.9512,0.0147,0.0239,0.0056,0.0046
E02003865,0.9833,0.0071,0.0067,0.0021,0.0008
E02003866,0.9606,0.0067,0.0275,0.002,0.0032
E02003867,0.9394,0.0115,0.042,0.006,0.0011
E02003868,0.9717,0.0093,0.0138,0.004,0.0012
E02003869,0.9734,0.007,0.014,0.0028,0.0028
E02003870,0.9409,0.0143,0.0378,0.0052,0.0018
E02003871,0.9697,0.0117,0.0133,0.0049,0.0004
E02003872,0.9871,0.0072,0.0039,0.0007,0.001
E02003873,0.9609,0.0095,0.0245,0.0034,0.0016
E02003794,0.9751,0.0096,0.0108,0.0027,0.0017
E02003795,0.9673,0.0093,0.0141,0.0059,0.0034
E02003796,0.9461,0.0089,0.0385,0.0033,0.0032
E02003797,0.9497,0.0115,0.0268,0.0075,0.0044
E02003798,0.9764,0.013,0.0084,0.0012,0.001
E02003799,0.9724,0.0115,0.0107,0.005,0.0004
E02003800,0.9857,0.0073,0.0043,0.0016,0.0011
E02003801,0.9682,0.008,0.0184,0.0037,0.0017
E02003802,0.9332,0.0168,0.0318,0.0118,0.0065
E02003803,0.9458,0.0194,0.0224,0.0089,0.0035
E02003804,0.9643,0.0142,0.0155,0.0041,0.0019
E02003805,0.9761,0.0087,0.0121,0.0021,0.001
E02003806,0.9697,0.0114,0.0163,0.0013,0.0012
E02003807,0.9528,0.0149,0.0271,0.0031,0.0021
E02003808,0.9593,0.0142,0.0184,0.0053,0.0028
E02003809,0.9871,0.0069,0.0049,0.0009,0.0001
E02003810,0.9916,0.0048,0.0016,0.0014,0.0006
E02003841,0.9738,0.0118,0.0106,0.001,0.0028
E02003842,0.9854,0.0086,0.0034,0.0015,0.0011
E02003843,0.9841,0.0073,0.0051,0.0029,0.0005
E02003844,0.9888,0.0059,0.0032,0.0007,0.0013
E02003845,0.9719,0.0094,0.0143,0.0034,0.001
E02003846,0.9836,0.0088,0.0053,0.0016,0.0006
E02003847,0.9779,0.007,0.0123,0.0016,0.0014
E02003848,0.9767,0.0121,0.007,0.0039,0.0002
E02003849,0.9679,0.0118,0.0143,0.0035,0.0025
E02003850,0.9815,0.0062,0.0112,0.0009,0.0002
E02003851,0.9711,0.007,0.0192,0.001,0.0017
E02003852,0.9811,0.006,0.0093,0.0016,0.002
E02003874,0.979,0.0084,0.0105,0.0015,0.0007
E02003875,0.9903,0.0059,0.0019,0.0014,0.0005
E02003876,0.9881,0.0055,0.0048,0.0014,0.0002
E02003877,0.985,0.0053,0.0071,0.0011,0.0015
E02003878,0.9791,0.0066,0.0129,0.0011,0.0002
E02003879,0.9659,0.0093,0.0204,0.0024,0.0021
E02003880,0.9848,0.0063,0.0061,0.0006,0.0022
E02003881,0.9713,0.0101,0.0125,0.003,0.0031
E02003882,0.9751,0.0112,0.01,0.0024,0.0013
E02003883,0.9743,0.0083,0.0138,0.0019,0.0016
E02003884,0.9801,0.0073,0.0092,0.001,0.0023
E02003885,0.9904,0.0041,0.0035,0.0016,0.0004
E02003886,0.9791,0.0078,0.0102,0.0026,0.0003
E02003887,0.976,0.0116,0.0085,0.0026,0.0013
E02003888,0.9829,0.0067,0.0082,0.0011,0.0011
E02003889,0.9711,0.0112,0.0151,0.0025,0.0002
E02003890,0.9845,0.0071,0.0064,0.0017,0.0003
E02003891,0.9873,0.0044,0.0058,0.0018,0.0007
E02002574,0.9753,0.0106,0.0083,0.0029,0.0028
E02002575,0.9725,0.0087,0.0168,0.0018,0.0003
E02002576,0.9815,0.0085,0.0072,0.0023,0.0004
E02002577,0.9829,0.01,0.0025,0.0021,0.0024
E02002578,0.9829,0.0084,0.0063,0.0005,0.0018
E02002579,0.988,0.0085,0.0022,0.001,0.0004
E02002580,0.9715,0.0137,0.0099,0.0029,0.002
E02002581,0.9784,0.011,0.0065,0.0027,0.0014
E02002582,0.9727,0.011,0.0135,0.002,0.0009
E02002583,0.9801,0.0127,0.0057,0.001,0.0004
E02002584,0.9871,0.0071,0.0038,0.0016,0.0004
E02002585,0.9767,0.0114,0.0075,0.0031,0.0011
E02002586,0.9784,0.0104,0.0083,0.0019,0.001
E02002587,0.9743,0.017,0.0051,0.002,0.0016
E02002588,0.9713,0.0172,0.0065,0.0041,0.0008
E02002589,0.9853,0.0068,0.0062,0.0005,0.0012
E02002590,0.9505,0.0154,0.0169,0.0129,0.0043
E02002591,0.9778,0.0098,0.0098,0.0025,0.0002
E02002592,0.9757,0.0079,0.0132,0.0017,0.0014
E02002593,0.9551,0.0141,0.025,0.0034,0.0023
E02002594,0.959,0.0167,0.0188,0.0031,0.0024
E02002595,0.977,0.012,0.0071,0.0033,0.0006
E02002596,0.9751,0.0115,0.0073,0.0038,0.0024
E02002597,0.9722,0.0128,0.0111,0.0023,0.0016
E02002598,0.9194,0.0139,0.0593,0.0038,0.0036
E02002599,0.9001,0.0106,0.0793,0.0058,0.0042
E02002600,0.9731,0.0118,0.0109,0.0019,0.0024
E02002601,0.9881,0.0058,0.0026,0.0019,0.0015
E02002602,0.9171,0.0114,0.0621,0.005,0.0044
E02002603,0.9748,0.0067,0.0148,0.002,0.0017
E02002604,0.9804,0.0066,0.0094,0.0026,0.001
E02002605,0.958,0.0091,0.0273,0.0044,0.0012
E02002606,0.9374,0.0116,0.0404,0.0061,0.0045
E02002607,0.93,0.0115,0.048,0.0046,0.0058
E02002608,0.9814,0.0068,0.0098,0.0008,0.0012
E02002609,0.9658,0.0106,0.017,0.0033,0.0033
E02002610,0.9701,0.0121,0.0134,0.0024,0.0019
E02002611,0.9791,0.0077,0.0114,0.0016,0.0001
E02002612,0.97,0.0103,0.0165,0.0018,0.0015
E02002613,0.9645,0.0105,0.0208,0.0019,0.0023
E02002614,0.9531,0.0085,0.034,0.0016,0.0028
E02003965,0.9938,0.0037,0.0023,0.0002,0.0001
E02003966,0.9931,0.0037,0.0021,0.0003,0.0008
E02003967,0.9926,0.0042,0.0017,0.0006,0.0008
E02003968,0.9913,0.0039,0.0037,0.0008,0.0002
E02003969,0.9882,0.0072,0.0036,0.0007,0.0003
E02003970,0.9812,0.0053,0.0114,0.0015,0.0006
E02003971,0.9895,0.0036,0.0061,0.0002,0.0005
E02003972,0.9888,0.0047,0.0062,0.0001,0.0002
E02003973,0.9882,0.0046,0.005,0.0009,0.0013
E02003974,0.9929,0.0019,0.0041,0.0005,0.0005
E02003975,0.9929,0.0037,0.0015,0.0008,0.0011
E02003976,0.9755,0.0074,0.0127,0.0029,0.0015
E02003977,0.9891,0.0059,0.003,0.0006,0.0014
E02003978,0.9892,0.004,0.0054,0.0012,0.0002
E02003979,0.9721,0.0045,0.0198,0.001,0.0025
E02003980,0.9823,0.0052,0.0107,0.0006,0.0012
E02003981,0.9807,0.0059,0.0105,0.0025,0.0004
E02003982,0.9847,0.0046,0.0074,0.0009,0.0024
E02003983,0.9853,0.0057,0.0081,0.0005,0.0004
E02003984,0.9705,0.0062,0.0195,0.0017,0.002
E02003985,0.9916,0.0049,0.0019,0.0003,0.0012
E02003986,0.9913,0.005,0.0027,0.0008,0.0002
E02003987,0.9917,0.003,0.0036,0.0007,0.001
E02003988,0.9896,0.0048,0.0033,0.002,0.0003
E02003989,0.9745,0.0038,0.02,0.0009,0.0008
E02003990,0.9805,0.006,0.0107,0.0011,0.0016
E02003991,0.9929,0.0035,0.0027,0.0001,0.0008
E02003992,0.9614,0.0095,0.0256,0.0029,0.0006
E02003993,0.99,0.003,0.0054,0.0013,0.0003
E02003994,0.9669,0.0081,0.0181,0.0045,0.0024
E02003995,0.988,0.004,0.0063,0.0007,0.0009
E02003996,0.9681,0.0063,0.0233,0.0012,0.001
E02003997,0.9851,0.0042,0.0078,0.0006,0.0023
E02003998,0.9874,0.0039,0.0075,0.0012,0
E02003999,0.9823,0.0037,0.0119,0.0009,0.0012
E02004000,0.9907,0.0036,0.0042,0.0004,0.0011
E02004001,0.9768,0.0048,0.0175,0.0009,0
E02004002,0.9749,0.004,0.0174,0.0015,0.0021
E02004003,0.9885,0.0047,0.0055,0.0003,0.001
E02004004,0.9873,0.0059,0.0061,0,0.0007
E02004005,0.9883,0.0049,0.0049,0.0015,0.0005
E02004006,0.9837,0.0042,0.0102,0.0017,0.0002
E02004007,0.9836,0.0059,0.007,0.0029,0.0007
E02004008,0.9919,0.0042,0.0023,0.0005,0.0011
E02004009,0.9908,0.003,0.0048,0.0005,0.001
E02004010,0.9824,0.0051,0.0118,0,0.0007
E02004011,0.9867,0.0043,0.0072,0.0005,0.0013
E02004012,0.9885,0.0056,0.0042,0.0007,0.0009
E02004013,0.992,0.0041,0.0033,0.0004,0.0001
E02004014,0.9925,0.002,0.0047,0.0004,0.0004
E02004015,0.9734,0.0092,0.0136,0.0034,0.0005
E02004016,0.9751,0.008,0.0119,0.0048,0.0002
E02004017,0.9899,0.0068,0.0021,0.0007,0.0005
E02004018,0.9708,0.0097,0.0151,0.0026,0.0018
E02004019,0.989,0.0053,0.0033,0.001,0.0015
E02004020,0.9826,0.0052,0.0076,0.0027,0.0019
E02004021,0.9865,0.0087,0.003,0.0009,0.0008
E02004022,0.995,0.0027,0.0016,0.0005,0.0002
E02004023,0.9688,0.008,0.021,0.0008,0.0014
E02004024,0.9957,0.0021,0.0015,0.0004,0.0003
E02004025,0.9844,0.0062,0.0066,0.0015,0.0014
E02004026,0.9802,0.0075,0.0098,0.0012,0.0012
E02004027,0.9899,0.0029,0.0049,0.002,0.0003
E02004028,0.991,0.0034,0.0041,0.0013,0.0003
E02000984,0.9684,0.0104,0.0177,0.0013,0.0022
E02000985,0.9753,0.0098,0.0107,0.0029,0.0013
E02000986,0.8818,0.013,0.0954,0.0053,0.0045
E02000987,0.976,0.0097,0.0085,0.0032,0.0026
E02000988,0.708,0.0205,0.2523,0.0156,0.0037
E02000989,0.9768,0.0089,0.0104,0.0024,0.0015
E02000990,0.9523,0.0151,0.0272,0.0038,0.0016
E02000991,0.8884,0.0193,0.082,0.0068,0.0035
E02000992,0.9827,0.0076,0.0069,0.0021,0.0007
E02000993,0.9052,0.0276,0.0315,0.0294,0.0063
E02000994,0.5245,0.0263,0.3995,0.0345,0.0152
E02000995,0.9282,0.0167,0.0355,0.0154,0.0042
E02000996,0.9366,0.0147,0.0165,0.0285,0.0037
E02000997,0.944,0.013,0.0347,0.0065,0.0018
E02000998,0.6216,0.02,0.3168,0.0291,0.0124
E02000999,0.6143,0.0335,0.2781,0.0504,0.0237
E02001000,0.8553,0.0196,0.099,0.0211,0.005
E02001001,0.7228,0.0253,0.2232,0.0225,0.0063
E02001002,0.943,0.0175,0.0295,0.0088,0.0012
E02001003,0.7504,0.0154,0.2211,0.0073,0.0058
E02001004,0.3277,0.029,0.5348,0.0751,0.0334
E02001005,0.5285,0.0239,0.3976,0.0363,0.0136
E02001006,0.4282,0.0218,0.5027,0.0332,0.0141
E02001007,0.9541,0.0143,0.0243,0.0039,0.0033
E02001008,0.4263,0.0268,0.4769,0.0526,0.0174
E02001009,0.8094,0.0191,0.151,0.0123,0.0082
E02001010,0.7675,0.0167,0.1895,0.0147,0.0116
E02001011,0.9533,0.0134,0.0279,0.0033,0.002
E02001012,0.7841,0.0167,0.1794,0.0153,0.0045
E02001013,0.8575,0.0174,0.1131,0.0076,0.0043
E02001014,0.9682,0.0131,0.0146,0.0024,0.0017
E02001015,0.9383,0.0149,0.0344,0.0101,0.0023
E02001016,0.916,0.02,0.0439,0.0133,0.0067
E02001017,0.959,0.0124,0.0192,0.0061,0.0034
E02001018,0.9578,0.0149,0.0222,0.0037,0.0014
E02001019,0.9495,0.0174,0.0279,0.0042,0.001
E02001020,0.9815,0.0089,0.0072,0.0019,0.0005
E02001021,0.9735,0.0137,0.0099,0.002,0.0009
E02001022,0.9014,0.0155,0.0711,0.0085,0.0034
E02001023,0.9133,0.0219,0.0504,0.0105,0.0039
E02001024,0.9728,0.0085,0.0155,0.0022,0.001
E02001025,0.8867,0.0184,0.0624,0.0206,0.0118
E02001026,0.6302,0.024,0.3196,0.0165,0.0097
E02001027,0.9215,0.0177,0.0492,0.0075,0.0041
E02001028,0.9534,0.0086,0.0342,0.0017,0.002
E02001029,0.6926,0.0219,0.2607,0.0118,0.013
E02001030,0.9653,0.0081,0.0193,0.0052,0.0022
E02001031,0.8427,0.0223,0.1224,0.007,0.0057
E02001032,0.959,0.0118,0.0244,0.0029,0.002
E02001033,0.9159,0.02,0.0508,0.0075,0.0059
E02001034,0.9234,0.022,0.0393,0.01,0.0053
E02001035,0.9304,0.0132,0.0499,0.004,0.0025
E02001036,0.9289,0.0183,0.0349,0.0106,0.0073
E02001037,0.9194,0.0105,0.0514,0.0059,0.0128
E02001038,0.8908,0.0208,0.0639,0.0136,0.0108
E02001039,0.8736,0.0347,0.0445,0.038,0.0091
E02001040,0.8929,0.0173,0.0668,0.0111,0.012
E02001041,0.89,0.0249,0.0592,0.0176,0.0083
E02001042,0.8816,0.0207,0.0727,0.0108,0.0142
E02001043,0.8866,0.0282,0.0596,0.0205,0.0051
E02001044,0.7895,0.0218,0.1456,0.011,0.0321
E02001045,0.8841,0.0276,0.0348,0.0491,0.0044
E02001046,0.8413,0.0337,0.0479,0.0604,0.0167
E02001047,0.8494,0.0312,0.0484,0.0619,0.009
E02001048,0.6386,0.0343,0.2461,0.0499,0.031
E02001049,0.8764,0.0275,0.0403,0.052,0.0038
E02001050,0.679,0.0427,0.1408,0.1111,0.0264
E02001051,0.773,0.0365,0.0542,0.1276,0.0087
E02001052,0.2687,0.0403,0.5553,0.0641,0.0716
E02001053,0.7098,0.0503,0.0775,0.1474,0.015
E02001055,0.8421,0.0379,0.0446,0.0642,0.0112
E02001056,0.7783,0.0487,0.0441,0.119,0.0099
E02001057,0.7444,0.0432,0.0988,0.095,0.0186
E02001059,0.6516,0.0531,0.1138,0.1662,0.0154
E02001061,0.7283,0.0427,0.051,0.1684,0.0097
E02001062,0.3769,0.0659,0.2854,0.2054,0.0665
E02001063,0.4752,0.0665,0.2437,0.1585,0.0562
E02001064,0.46,0.0573,0.2727,0.175,0.0351
E02001065,0.7676,0.0424,0.0606,0.1184,0.0109
E02001066,0.4233,0.0424,0.3972,0.0966,0.0404
E02001067,0.604,0.0621,0.1274,0.1884,0.0182
E02001068,0.2202,0.0868,0.1227,0.5022,0.0681
E02001069,0.4012,0.0612,0.2656,0.1955,0.0764
E02001070,0.5127,0.0351,0.358,0.0546,0.0396
E02001071,0.3053,0.0424,0.5329,0.0937,0.0256
E02001072,0.5241,0.0595,0.2485,0.1141,0.0538
E02001073,0.7266,0.0347,0.1775,0.0366,0.0246
E02001074,0.4992,0.0704,0.2663,0.0982,0.066
E02001075,0.5232,0.0615,0.3048,0.0774,0.0331
E02001076,0.736,0.0408,0.1572,0.0275,0.0385
E02001077,0.6906,0.0459,0.2046,0.0303,0.0285
E02001078,0.5618,0.0386,0.3212,0.0438,0.0347
E02001079,0.6556,0.0675,0.1658,0.0646,0.0465
E02001080,0.7591,0.0461,0.1372,0.0264,0.0312
E02001081,0.869,0.0488,0.0505,0.0222,0.0095
E02001082,0.8176,0.04,0.0833,0.0287,0.0303
E02001083,0.7962,0.0549,0.075,0.0424,0.0315
E02001084,0.782,0.0507,0.1129,0.0255,0.0289
E02001085,0.6894,0.0569,0.1713,0.0478,0.0346
E02001086,0.7651,0.0534,0.0996,0.0485,0.0334
E02001087,0.8652,0.0315,0.0676,0.0148,0.0209
E02001088,0.8377,0.039,0.0635,0.0409,0.0188
E02001089,0.714,0.0403,0.1883,0.0264,0.0309
E02001090,0.8775,0.0287,0.0597,0.02,0.0141
E02001091,0.8884,0.0276,0.0504,0.0229,0.0107
E02001092,0.8448,0.0463,0.057,0.0399,0.012
E02001093,0.818,0.0414,0.0833,0.0395,0.0178
E02001094,0.8456,0.0406,0.0462,0.057,0.0107
E02001095,0.859,0.0381,0.0471,0.0416,0.0143
E02001096,0.8902,0.0354,0.0456,0.0201,0.0087
E02001097,0.8736,0.0404,0.0449,0.0341,0.007
E02006902,0.7728,0.0396,0.1067,0.0465,0.0343
E02006912,0.6972,0.0268,0.2184,0.0232,0.0343
E02006913,0.458,0.0313,0.392,0.0786,0.0401
E02006914,0.6296,0.0513,0.2101,0.0549,0.0541
E02006915,0.4337,0.0734,0.2727,0.165,0.0552
E02006916,0.6872,0.0607,0.0833,0.1318,0.0369
E02006917,0.7539,0.0298,0.1446,0.0148,0.0569
E02001098,0.9792,0.0119,0.0069,0.0013,0.0007
E02001099,0.9589,0.0103,0.025,0.0041,0.0017
E02001100,0.9231,0.0132,0.0581,0.0047,0.0008
E02001101,0.9741,0.0084,0.0132,0.0033,0.001
E02001102,0.9418,0.0134,0.0381,0.0056,0.0011
E02001103,0.9762,0.0097,0.0099,0.0029,0.0013
E02001104,0.9581,0.0182,0.0104,0.0121,0.0013
E02001105,0.9626,0.0123,0.018,0.0055,0.0015
E02001106,0.9255,0.0139,0.053,0.0051,0.0025
E02001107,0.754,0.0193,0.2184,0.0072,0.0011
E02001108,0.9296,0.0325,0.0167,0.0205,0.0008
E02001109,0.9295,0.0234,0.0343,0.0113,0.0015
E02001110,0.9713,0.0112,0.0138,0.0027,0.001
E02001111,0.6369,0.0439,0.2467,0.0623,0.0102
E02001112,0.9374,0.0096,0.0475,0.0054,0.0002
E02001113,0.1853,0.0127,0.775,0.0237,0.0034
E02001114,0.8187,0.0193,0.1504,0.0106,0.0011
E02001115,0.9617,0.017,0.0092,0.0114,0.0007
E02001116,0.5342,0.0269,0.4158,0.019,0.004
E02001117,0.9756,0.0086,0.0134,0.0014,0.001
E02001118,0.9719,0.012,0.0118,0.0032,0.0011
E02001119,0.15,0.0137,0.8146,0.0168,0.0049
E02001121,0.3487,0.0233,0.6041,0.0179,0.006
E02001123,0.8229,0.0316,0.1161,0.0262,0.0031
E02001124,0.8204,0.0294,0.1354,0.0124,0.0024
E02001125,0.9137,0.0188,0.0524,0.0136,0.0016
E02001126,0.8387,0.0238,0.1188,0.0153,0.0033
E02001127,0.9325,0.0194,0.0379,0.0093,0.001
E02001128,0.9375,0.0158,0.0346,0.011,0.0011
E02001129,0.9266,0.0262,0.0281,0.0176,0.0016
E02001130,0.9621,0.0137,0.0154,0.0069,0.0019
E02001131,0.9687,0.0134,0.0113,0.0043,0.0023
E02006860,0.2338,0.0185,0.7259,0.0155,0.0063
E02001132,0.9762,0.0107,0.0082,0.0034,0.0015
E02001133,0.9692,0.007,0.0202,0.0031,0.0005
E02001134,0.9494,0.0081,0.0399,0.0018,0.0008
E02001135,0.7061,0.0255,0.2516,0.0146,0.0022
E02001136,0.8314,0.019,0.1407,0.0071,0.0017
E02001137,0.9084,0.0153,0.0705,0.0026,0.0032
E02001138,0.8895,0.0113,0.0931,0.0023,0.0037
E02001139,0.298,0.0144,0.6773,0.0055,0.0048
E02001140,0.7712,0.0217,0.1892,0.0136,0.0044
E02001141,0.4911,0.0302,0.4168,0.0428,0.0191
E02001142,0.8137,0.0115,0.1642,0.0071,0.0035
E02001143,0.652,0.0235,0.2946,0.024,0.0059
E02001144,0.9617,0.0117,0.0241,0.0008,0.0016
E02001145,0.9706,0.0156,0.009,0.0035,0.0013
E02001146,0.2576,0.0212,0.7021,0.0129,0.0061
E02001147,0.8853,0.0198,0.0644,0.028,0.0025
E02001148,0.8689,0.0141,0.1039,0.008,0.0051
E02001149,0.9496,0.0128,0.0197,0.0143,0.0036
E02001150,0.9637,0.0135,0.012,0.009,0.0018
E02001151,0.9518,0.0119,0.0287,0.0054,0.0022
E02001152,0.9341,0.0199,0.0204,0.0223,0.0033
E02001153,0.9268,0.0219,0.0231,0.024,0.0042
E02001154,0.9596,0.016,0.0146,0.0087,0.0011
E02001155,0.9479,0.0155,0.0139,0.0188,0.0039
E02001156,0.946,0.0134,0.0267,0.0115,0.0025
E02001157,0.9469,0.0155,0.0112,0.0258,0.0007
E02001158,0.9469,0.018,0.0162,0.0158,0.003
E02001159,0.9454,0.0175,0.0201,0.013,0.004
E02001160,0.9282,0.0184,0.0206,0.0285,0.0043
E02001161,0.9309,0.0154,0.0328,0.0193,0.0015
E02001162,0.9361,0.0122,0.0244,0.0219,0.0053
E02001163,0.9592,0.0119,0.0191,0.0064,0.0033
E02001164,0.9071,0.0259,0.0329,0.0304,0.0038
E02001165,0.9434,0.0142,0.0264,0.0153,0.0008
E02001166,0.8892,0.0209,0.0337,0.0233,0.0329
E02001167,0.8687,0.0214,0.0436,0.0387,0.0275
E02001168,0.9398,0.015,0.0236,0.0162,0.0054
E02001169,0.9309,0.0176,0.0426,0.0047,0.0042
E02001170,0.9546,0.0142,0.0262,0.0024,0.0026
E02001171,0.9539,0.0138,0.0236,0.0066,0.0021
E02001172,0.7854,0.0311,0.0744,0.0888,0.0203
E02001173,0.8515,0.0273,0.0465,0.0596,0.0152
E02001174,0.911,0.0179,0.0523,0.0156,0.0032
E02001175,0.9462,0.0172,0.0195,0.0111,0.0061
E02001176,0.8768,0.0192,0.0617,0.0122,0.0302
E02001177,0.8807,0.0196,0.058,0.0326,0.0092
E02001178,0.7991,0.0305,0.0913,0.054,0.0251
E02001179,0.9172,0.0193,0.0271,0.0317,0.0047
E02001180,0.7865,0.0337,0.064,0.0963,0.0196
E02001181,0.9304,0.0206,0.0206,0.0257,0.0028
E02001182,0.8766,0.017,0.0535,0.024,0.029
E02001183,0.91,0.0197,0.0417,0.0212,0.0074
E02001184,0.8106,0.0291,0.0846,0.0573,0.0185
E02001185,0.9585,0.0146,0.0159,0.0084,0.0025
E02001186,0.9516,0.0136,0.0237,0.0066,0.0045
E02001187,0.9466,0.0228,0.0185,0.011,0.0011
E02001188,0.9144,0.0307,0.0326,0.0157,0.0065
E02001189,0.9358,0.0227,0.0285,0.0093,0.0037
E02001190,0.9435,0.0208,0.0188,0.0142,0.0027
E02001191,0.9805,0.0087,0.0058,0.0031,0.0019
E02001192,0.895,0.0205,0.0647,0.0138,0.0061
E02001193,0.9229,0.0239,0.0367,0.0116,0.0048
E02001194,0.8802,0.0228,0.0819,0.0051,0.01
E02001195,0.9734,0.0111,0.0126,0.0026,0.0003
E02001196,0.973,0.0136,0.0102,0.0024,0.0008
E02001197,0.8779,0.0278,0.0758,0.0116,0.0069
E02001198,0.9649,0.0203,0.0106,0.0034,0.0008
E02001199,0.7889,0.0275,0.1582,0.0077,0.0177
E02001200,0.902,0.0221,0.0561,0.0154,0.0044
E02001201,0.9753,0.0135,0.0073,0.0024,0.0016
E02001202,0.9268,0.0215,0.0417,0.0087,0.0013
E02001203,0.9817,0.0097,0.0057,0.0019,0.001
E02001204,0.9388,0.0156,0.0361,0.0062,0.0034
E02001205,0.9498,0.0175,0.0244,0.0057,0.0027
E02001206,0.9663,0.0119,0.017,0.003,0.0019
E02001207,0.9555,0.0093,0.0257,0.0017,0.0078
E02001208,0.9162,0.0259,0.0408,0.01,0.0071
E02001209,0.9198,0.0242,0.0432,0.0098,0.003
E02001210,0.9602,0.0133,0.0152,0.0084,0.0029
E02001211,0.8434,0.0216,0.1085,0.0085,0.018
E02001212,0.8979,0.0266,0.0608,0.0123,0.0023
E02001213,0.9344,0.0192,0.0358,0.0056,0.005
E02001214,0.7797,0.0216,0.1683,0.0056,0.0248
E02001215,0.9793,0.0086,0.0069,0.0038,0.0014
E02001216,0.9063,0.0144,0.0621,0.0066,0.0107
E02001217,0.9432,0.0138,0.0305,0.0071,0.0053
E02001218,0.908,0.0203,0.0549,0.0078,0.0089
E02001219,0.9542,0.011,0.0271,0.0029,0.0048
E02001220,0.8934,0.0181,0.0717,0.0081,0.0087
E02001221,0.9567,0.0125,0.025,0.0027,0.0032
E02001222,0.7763,0.0156,0.1956,0.0052,0.0073
E02001223,0.9028,0.0167,0.0666,0.0051,0.0088
E02001224,0.9761,0.0084,0.0105,0.0033,0.0017
E02001225,0.9352,0.013,0.0393,0.0038,0.0088
E02001226,0.8211,0.0186,0.1386,0.0081,0.0135
E02001227,0.9468,0.0151,0.0305,0.003,0.0046
E02001228,0.9473,0.014,0.0342,0.0026,0.0018
E02001229,0.9679,0.0123,0.0151,0.0039,0.0007
E02001230,0.7765,0.0172,0.1947,0.0073,0.0042
E02001231,0.9646,0.0133,0.018,0.0031,0.001
E02001232,0.8397,0.0186,0.1248,0.0145,0.0023
E02001233,0.8585,0.0145,0.1191,0.0061,0.0019
E02001234,0.8754,0.015,0.093,0.0104,0.0063
E02001235,0.8183,0.0169,0.1528,0.0084,0.0037
E02001236,0.939,0.0124,0.037,0.011,0.0007
E02001237,0.9619,0.0112,0.0241,0.0019,0.0009
E02001238,0.9438,0.0154,0.0316,0.0082,0.0009
E02001239,0.95,0.0172,0.0172,0.0138,0.0019
E02001240,0.939,0.0168,0.0259,0.0163,0.0019
E02001241,0.6522,0.0208,0.3012,0.0228,0.0031
E02001242,0.9297,0.0095,0.0536,0.0051,0.0021
E02001243,0.945,0.0091,0.0424,0.0027,0.0008
E02001244,0.9566,0.0102,0.0294,0.0024,0.0015
E02001245,0.9388,0.0135,0.0363,0.0089,0.0024
E02001246,0.9621,0.0093,0.0207,0.0052,0.0026
E02001247,0.9474,0.0186,0.0217,0.0117,0.0006
E02001248,0.9229,0.0162,0.0525,0.0074,0.001
E02001249,0.9431,0.0147,0.0322,0.0086,0.0014
E02001250,0.9687,0.0098,0.0172,0.0023,0.002
E02001251,0.9797,0.008,0.0083,0.0035,0.0005
E02001252,0.9569,0.0166,0.0187,0.0059,0.002
E02001253,0.9549,0.0173,0.0197,0.0077,0.0004
E02001254,0.9701,0.0127,0.0105,0.0046,0.0021
E02001255,0.9636,0.0135,0.01,0.011,0.0018
E02001256,0.7113,0.0152,0.2627,0.0085,0.0024
E02001257,0.954,0.0184,0.0154,0.0115,0.0007
E02001258,0.9599,0.0109,0.0268,0.0015,0.0008
E02001259,0.372,0.0604,0.3369,0.1923,0.0383
E02001260,0.933,0.0194,0.0287,0.0159,0.003
E02001261,0.7183,0.0625,0.1243,0.0807,0.0143
E02001262,0.4377,0.0533,0.3675,0.115,0.0266
E02001263,0.9522,0.0148,0.0222,0.0082,0.0026
E02001264,0.8107,0.0328,0.1021,0.045,0.0094
E02001265,0.9608,0.0143,0.0141,0.0085,0.0023
E02001266,0.8445,0.0332,0.0662,0.0486,0.0075
E02001267,0.9326,0.0247,0.0252,0.0148,0.0027
E02001268,0.9534,0.0163,0.0213,0.0075,0.0015
E02001269,0.7894,0.0369,0.1172,0.0467,0.0098
E02001270,0.9285,0.0225,0.0387,0.0071,0.0032
E02001271,0.932,0.0211,0.0258,0.009,0.0121
E02001272,0.9222,0.0163,0.0455,0.0064,0.0097
E02001273,0.8823,0.024,0.075,0.0124,0.0063
E02001274,0.878,0.0145,0.0752,0.0144,0.018
E02001275,0.9423,0.0241,0.0113,0.0204,0.0019
E02001276,0.9125,0.0209,0.0381,0.0156,0.0129
E02001277,0.8525,0.0414,0.0721,0.0262,0.0078
E02001278,0.9151,0.0165,0.0521,0.0085,0.0078
E02001279,0.9257,0.0133,0.0487,0.0065,0.0058
E02001280,0.909,0.0235,0.0441,0.0134,0.0099
E02001281,0.9413,0.0133,0.0362,0.0053,0.0039
E02001282,0.9114,0.0263,0.0483,0.0087,0.0053
E02001283,0.9056,0.0193,0.06,0.0061,0.0089
E02001284,0.9337,0.0228,0.0361,0.0042,0.0032
E02001285,0.9188,0.0207,0.048,0.0056,0.0069
E02001286,0.8119,0.0223,0.1382,0.006,0.0217
E02001287,0.9792,0.007,0.0088,0.003,0.0019
E02001288,0.967,0.0081,0.0164,0.0042,0.0042
E02001289,0.9856,0.0054,0.0068,0.0016,0.0006
E02001290,0.9809,0.0056,0.0108,0.001,0.0016
E02001291,0.9738,0.01,0.0099,0.0046,0.0017
E02001292,0.9524,0.0122,0.0278,0.0052,0.0023
E02001293,0.9867,0.0067,0.0037,0.0021,0.0008
E02001294,0.952,0.0109,0.0221,0.0096,0.0055
E02001295,0.961,0.0113,0.0106,0.0111,0.006
E02001296,0.9558,0.0149,0.012,0.0119,0.0055
E02001297,0.9848,0.0063,0.0061,0.0019,0.0009
E02001298,0.9707,0.0097,0.0112,0.0074,0.001
E02001299,0.9773,0.0067,0.0088,0.0049,0.0024
